00000000000000000060000000000000000000000000000
00000000006000000006000000000000000000000000000
00000060000023432244220600000000000000000000000
60000000006025222222520000000000000000000000000
00062522342252251113226000000000000000000000000
00002232414222441112250006000000000000000000000
00005427177171111114220000000000000000000000000
60003217117171714232320600000000000000000000000
00064311115223244233250000000000000000000000000
00002571712260000000000006000000000000000000000
00002211114200000060000000000000000000000000000
00423271173225223242200060000000000000000000000
00223417111343232243200000000000000000000000000
06225711117111111122500000000000000000000000000
00531111111117117113200060000000000060000000000
06221111711111111112300000000060000000000000000
00257111111117111112322242225222223222460000000
00341117111711111112422322322222251142400000000
60321111111117111171171117111117111172506060000
00257111711711171111111111117111117113200000000
00527111111117111171711711111171711112300000600
00421117111111171115222223222422117112300000000
00441111117111111712534254324225211175200600000
00231171111117111114260000000062317112200000000
60225111117111171152400006000003511114460000000
00323217117117111323200602552232471175223222500
00232224223225222252260003253422311113213452400
60253423543352345243200003231711111171171123260
00000000000060000000000602217111171111171112200
00060000000000000000000002411171111111111112300
00000000000000060000000002371111171171111113200
00000000000000000000600004211171111111111112200
00000000000000000000000004511111111711171112260
00000000000000000000000002211111111111111112400
00000000000000000000000602211711171111117112400
00000000000000000000600005311111111171111112500
00000000000000000000000005411111171117111172306
00000000000000000600000002231711111111117132500
00000000000000000000006002252111171111111232500
00000000000000000000000063423225111112325222300
00000000000000000000006000006035111173200000000
00000000000000000000000000600022111112200060060
00000000000000000000000000000624111174400000000
00000000000000000000000000000053711112460000000
00000000000000000000000000600022111115200060000
00000000000000000000000000000033171113500000000
00000000000000000000000000060032111112200000000
00000000000000000000006000000633117113260000000
00000000000000000000000000600042111172300000060
00000000000000000000000000002222141712222600000
00000000000000000000000600002313113123242000000
00000000000000000000000000062132141312112006000
00000000000000000000000060002314112114113006000
00000000000000000000000000002142131423242000000
00000000000000000000000000002431412341142000000
00000000000000000000000000002222222222222000000