0000000000000000000000000000000006666666666660000000000000000000000
0000000000000000000000000000000006666666666660000000000000000000000
0000000000000000000000000000000006611111111660000000000000000000000
0000000000000000000000000000000006611111111660000000000000000000000
0000000000000000000000000000000006611111111660000000000000000000000
0000000000000000000000000000000006611111111660000000000000000000000
0000000000000000000000000000000006666212167660000000000000000000000
0000000275726257762527625726570006666121166660000000000000000000000
0000000657663662666765765756720000076111156000000000000000000000000
0000000626761112111141112111650000065211265000000000000000000000000
0000000265612111112111111141616766536211166000000000000000000000000
0000000766111111111111211211657611656121167000000000000000000000000
0000000671112141111111111111112111111111156000000000000000000000000
0000000572111111112114111211112111411111276000000000000000000000000
0000000662112111211121111111111111121111167000000000000000000000000
0000000751111141111111111211211121111111255000000000000000000000000
0000000662121111211121111111277627767725267000000000000000000000000
0000000655111111111111114115672656272753372000000000000000000000000
0000000666212112111111111176560000000000000000000000000000000000000
0000000675511115657567565756570000000000000000000000000000000000000
0000000563511216575466527665730000000000000000000000000000000000000
0000000005612115600000000000000000000000000000000000000000000000000
0000000006711116200756657652757766575266750000000000000000000000000
0000000005621217600766577566756577567576570000000000000000000000000
0000000005741116400657521112111121111263270000000000000000000000000
0000000005511127566766111311131111121117570000000000000000000000000
0000000002612141263261211241211113111111657676376765665632600000000
0000000007621111121121121311111111114111265676666567611565600000000
0000000006711121121111241211211121111111123121111212123167600000000
0000000006512141111121111111111113111132121112121314111126700000000
0000000006762112111111111211111111211211111413211211111235500000000
0000000007575765767631113111111113121132276767656566712116200000000
0000000002756575572674121112111111111111655676256226523117600000000
0000000000000000000561111231121311113111668000008005611417600000000
0000000000000000000565211121111114111116560087656527623126556556000
0000000000000000000676612111121131111376260007677656621211567636000
0000000000000000000756756577656577575765750807626221131214117666000
0000000000000000000756675676657657526756670005653121111111321576000
0000000000000000000000000000008000000000008005611113112111221176000
0000000000000000000000000080000000080000800002711141211111212156080
0000000000000000000000000000000000000000000807611111111131111165000
0000000000000000000000000000008000000000000002611211112111112166000
0000000000000000000000000000000000000000080007611112411112113176800
0000000000000000000000000000000000000000000006511211211111111165000
0000000000000000000000000000000000000008000087611321113112141166080
0000000000000000000000000000000000000000000006721111211111121155800
0000000000000000000000000000000000000000008002611231111211111157000
0000000000000000000000000000000000000000000007614112121123121167800
0000000000000000000000000000000000000000800005661211121311111667000
0000000000000000000000000000000000000000000086756112311123125677008
0000000000000000000000000000000000000008000006676667232115657656000
0000000000000000000000000000000000000000000006567765211126226656000
0000000000000000000000000000000000000000000800000865132136680000080
0000000000000000000000000000000000000000000000000076121115700080000
0000000000000000000000000000000000000000000008000056112126500000000
0000000000000000000000000000000000000000000000000067213126508000000
0000000000000000000000000000000000000000000000000066121116700000000
0000000000000000000000000000000000000000000000008066531375680000000
0000000000000000000000000000000000000000000000000067621167600000000
0000000000000000000000000000000000000000000000000067577675600800000
0000000000000000000000000000000000000000000000800008008000000000000
0000000000000000000000000000000000000000000000000000000000080000000
0000000000000000000000000000000000000000000000000008000000000000000
0000000000000000000000000000000000000000000000000000000000000000000
0000000000000000000000000000000000000000000000000000000000000000000