000000000041234224332112130000s0000
00000000003121213212112114s00000000
00000000003211223213211213000s00000
00000000004111211111121214000000000
00000000003332211121121133s000s0000
00000000003333332111333333000000000
00000000000000331112330000000000000
00000000000000331121330000000000000
00333333333333332111333300000000000
00333333333333331211333300000000000
00331111211111211111113300000000000
00331111111211112121113300000000000
00331121111111121111113300000000000
00331111211111111121113300000000000
00331211111112111111123300000000000
00331111111111111111113300000000000
00331112111111112111113300000000000
00331111111111111111113300000000000
00332111121111111111113300000000000
00331121111111121111113300000000000
00331113333333333333333300000000000
00331113333333333333333300000000000
00331113300000000000000000000000000
00331113300000000000000000000000000
00331113300033333333333333333333300
00331113333333333333333333333333300
00331113333333111111111111111113300
00331111111111111111111111111113300
00331111111111111111111111111113300
00331111111111111111111111111113300
00333333333333111111111111111113300
00333333333333111111111111111113300
00000000000033111111111111111113300
00000000000033111111111111111113300
00000000000033111111111111111113300
00000000000033111111111111111113300
00000000000033111111111111111113300
00000000000033333343211212233333300
00000000000033333334121113433333300
00000000000000s00043121214200000000
0000000000000000s0232112123000s0000
00000000000000000034121114300000000
000000000000s0000033211123400s00000
00000000000000000s23121214300000000
000000000s00000s00442121124000s0000
00000000000000000043121213200000000
00000000000000000000000000000000000
00000000000000000000000000000000000
00000000000000000000000000000000000
00000000000000000000000000000000000