00000000000000000000000000000000000000000000
00000000000000000000000000000000000000000000
00000000000000000000000000000000000000000000
00000000000000000000000600000000000000000000
00000000000000006000000000044233232400000000
00000000000000000000000006043343434400060000
00000000000000006000600000044342141400000000
00000000000000000000000060032434323460000000
00000000000000600060000000043342441300006000
00000000000000000000600000023411243200000000
00000000000000060000000000034311134260000000
00000000000000000060000000642421242300006000
00000000000000000000006000043411133400000000
00000000000000060000000006024321142360000000
00000000000000000060000000032312234200000000
00000000000000000000000600034321142306000000
00000000000000000000000000032412132400000000
00000000000000000000000000642312134260006000
00000000000000000000006000034421244200000000
00000000000000000000000000034121114300000000
00000000000000000000060000043211213300600000
00000000000000000000000000643111214400000000
00000000000000000060000060024121123200060000
00000000000000000000000000034121114300000000
00000000000000000000060000043211123300600000
00000000000000000000000000643121214400000000
00000000000000000060000060024121123200060000
00000000000000000000000422433121213243200000
00000000000000000000600434334111114343406000
00000000000000000000000314421121114442300060
00000000000000000000006414411112114144300000
00000000000000000600000311211111112121460000
00000000000000000000000344141121111441300000
00000000000000000000000433334342334433400000
00000000000000000000000424423434344234200000